lang: en
year: 08/09/2024
final: 12/09/2024
drive: C:\
regions{
"mundo":                      None;
"america_do_norte":                      [-170, -30, 5, 85];
"america_do_sul":                      [-82, -34, -56, 13];
"africa":                      [-20, 55, -35, 37];
"europa":                      [-25, 45, 34, 72];
"asia":                      [25, 180, -10, 80];
"oceania":                      [110, 180, -50, 10];
"japao":   [129.53488372093022, 147.2093023255814, 30.232558139534888, 54.65116279069767];
"Madagascar":  [43.02325581395348, 51.16279069767441, -27.441860465116278, -9.302325581395351];
"teste": [-87.67441860465117, -62.55813953488372, 14.883720930232556, 26.74418604651163];
}